point
71
63 309
77 441
79 514
119 237
129 341
174 431
197 540
206 167
253 279
267 358
313 453
366 583
352 83
377 222
429 286
433 370
484 470
501 544
490 626
614 741
584 549
621 448
635 324
528 241
440 177
499 38
588 508
172 378
181 308
319 307
762 767
690 610
754 575
740 499
768 433
764 373
719 282
791 211
803 170
682 120
766 13
894 735
838 591
958 485
958 386
972 310
998 242
899 170
887 46
835 337
873 287
1046 616
1109 497
1127 361
1096 245
1015 131
591 19
794 524
388 512
583 146
527 118
672 435
406 439
280 407
537 434
495 276
657 231
860 406
144 394
159 456
30 372
