point
78
59 72
122 108
168 50
209 143
170 196
245 155
303 50
461 137
447 92
510 124
487 223
445 185
532 265
491 54
696 139
747 204
558 247
545 218
548 310
577 327
597 315
559 367
526 341
497 367
410 356
446 370
504 429
409 291
369 249
464 233
468 286
692 18
597 72
751 140
209 309
253 376
317 326
286 247
46 293
133 181
139 349
139 321
124 329
694 34
573 581
628 554
613 596
572 612
266 520
272 560
293 568
748 407
83 466
86 505
468 581
400 587
415 602
653 302
672 330
659 335
632 241
626 216
818 309
590 676
585 434
591 417
614 412
291 80
182 502
165 489
293 133
227 55
670 132
535 139
619 127
435 451
536 604
59 117
