point
78
20 227
79 242
108 172
183 258
152 304
214 267
253 154
422 199
411 161
480 182
468 280
418 255
514 316
444 116
666 161
711 210
549 294
526 268
531 356
576 371
600 361
565 416
530 399
500 425
421 427
457 434
511 486
407 362
353 333
460 302
456 349
645 39
552 116
726 155
205 406
259 470
318 404
287 336
34 436
115 302
139 465
135 437
123 448
643 58
612 623
658 590
657 638
618 655
305 614
308 651
334 653
760 424
114 599
123 635
510 645
443 654
462 666
652 336
682 360
661 372
615 276
605 256
813 312
648 707
597 475
604 454
629 451
253 187
205 611
186 592
257 232
174 166
636 164
502 193
581 162
464 508
584 649
17 274
