point
71
62 290
75 408
78 470
119 226
125 321
170 396
191 497
212 158
253 262
259 343
305 423
346 535
348 89
371 213
423 272
427 347
472 440
486 510
480 595
594 687
565 519
606 421
619 310
525 229
434 170
501 49
573 475
168 344
185 284
313 290
733 713
670 573
736 542
718 470
757 415
742 354
704 271
774 212
787 173
666 124
757 31
864 682
815 552
926 459
928 368
949 305
970 242
875 172
869 64
819 327
862 292
1012 580
1073 474
1094 355
1066 243
975 130
583 31
778 492
380 477
573 145
516 120
656 409
396 406
269 377
523 405
492 263
644 223
842 389
140 364
153 422
30 345
